570155
573128
572254
576562
571347
569041
575602
577338
579472
570896
571687
572039
569057
575618
571571
578359
572812
573116
573765
570007
576518
578937
569359
576521
577581
570767
570986
571864
573318
573583
578465
569794
112
578449
579327
571487
574047
494
571104
571471
576675
568945
579708
569428
569135
574858
578345
576573
569613
572566
574937
579725
571153
568997
571481
579018
579160
574933
575469
579198
575385
572745
573223
577101
578735
571265
576539
577076
70
577472
571633
572191
572530
571245
573078
578563
579356
577907
570320
569656
577419
573542
578320
568970
578995
579466
578962
578223
573003
577356
578639
578354
575964
570042
576245
577592
579545
569694
570397
578459
577961
569542
574767
569800
575537
69
573257
574109
579745
577963
573085
571129
572041
573564
577019
579437
573645
577120
569829
570264
578218
574825
569679
572748
572248
575861
578932
573738
573421
579576
576181
570615
576496
577342
571931
571120
574910
579884
507123
574701
579034
571280
577661
570633
574573
569137
572016
570232
570820
575620
570533
579518
574923
579036
579846
570516
574341
571336
577039
578512
569733
578787
572807
191
577314
578663
579317
569153
575714
574627
579782
576579
572059
573537
575975
570339
570391
572978
576538
576227
576900
576919
570588
570882
576566
568975
579528
571195
577707
579462
574646
39
570910
578467
573935
569827
574431
570752
578987
579547
571163
579857
570763
572268
572481
569168
570119
570587
574703
575729
576209
578307
572129
574154
578590
571087
576872
577023
576171
574292
574557
573385
577694
578675
576364
576199
578643
177
573196
576069
572451
577688
570045
574262
569621
578521
256
574126
575570
578606
579274
574488
577502
306
569317
569131
571156
577289
577526
577976
579369
574056
578457
578368
572844
575340
573135
573068
577259
579395
577672
576863
570809
577147
579535
574275
574016
571646
573704
571997
576367
572681
569875
572606
569313
572726
570398
570869
574730
578176
578525
572989
570335
576124
573457
569169
579164
573414
575365
579507
573504
576785
77
578417
578918
576497
577158
579104
571713
569962
572394
570502
577555
570605
571600
579781
572352
569026
569502
570601
569411
572148
572158
576311
254
577664
570664
570684
576186
570041
576795
573808
578685
569457
575696
577388
574875
571182
159
574362
576048
574238
571795
579776
571989
572637
577668
575592
574495
575454
202
573508
571785
575533
578385
576247
573311
578912
572940
18
576300
572876
577920
577497
578085
576893
571871
504201
572678
574256
572050
569414
573015
577737
571972
569072
572767
573250
575633
568994
572434
576263
570641
572215
578178
579456
570102
576625
575681
570982
572798
574111
573610
576058
576457
578591
578473
577932
578727
578970
569219
571943
575824
571260
569636
572126
572729
573020
571702
573992
579288
579881
576440
574840
577103
574393
573227
578272
576184
575334
571590
569191
575383
575048
575752
578410
572120
573598
574400
569412
574254
577678
579400
572722
579569
571877
572744
572972
572042
571275
573701
569720
573546
577011
577514
577724
572577
578186
571944
570760
574337
570506
573359
572296
574940
569655
578539
570031
579064
571611
576671
573588
576789
576611
575389
573759
576332
574904
576652
578661
579366
568966
576206
574096
571591
569536
574507
576864
578280
578087
578021
578504
573304
572273
573915
569861
579841
578493
577539
573148
570761
575293
573059
570860
572207
574115
577003
573555
576347
576441
30
570245
577055
578145
577598
802930
569045
570531
574612
570354
573007
575606
577395
570336
578559
571822
570775
576724
570916
579432
576683
573851
574307
570137
574251
577134
571496
31
574963
569846
572342
576269
573621
569505
573066
574335
572992
572866
575667
576574
569034
787
571456
577070
574168
577126
577665
573595
579333
576695
579685
570819
28
575574
578765
577821
573335
577322
570352
573642
802897
579589
578237
575259
574892
578609
569459
574040
569799
575994
573263
570592
573228
572288
573877
579434
574430
578636
577548
576034
571934
571965
570697
576202
573746
569499
572997
569233
571114
574331
578637
571349
578929
572497
570272
570474
573881
575239
577183
571452
573626
576875
573041
573282
571599
569777
570797
575044
576592
579441
572344
579246
573786
573269
572073
578284
574373
574798
575419
573723
570433
571749
571941
571614
576916
579325
578269
573766
572446
579896
574167
576644
571219
571287
569205
573802
569596
575227
577764
579092
572861
572282
573448
569617
573240
577712
571368
575692
578601
579154
576394
577131
576660
571827
574558
576135
575270
571735
579607
573527
573404
572984
570168
572462
572931
574568
574959
572447
604
571032
571397
576505
577560
570774
578080
579748
576049
573622
572735
573521
577361
572475
577208
569873
578296
570236
570595
573627
574556
576078
573169
574125
575196
573758
579902
578352
571485
576851
571102
572171
572512
574242
579634
576590
579047
576238
578455
578325
574826
574630
578487
572424
579903
573303
569079
578502
577831
570330
576101
576807
578366
576841
578033
579305
572458
575011
573219
575222
576139
573663
570256
578109
575158
578153
569987
575313
573554
569122
574476
569557
576426
576362
577042
569757
569598
570469
573838
574318
575174
573287
579285
577417
576314
569579
572000
576837
578244
579558
576196
575556
577067
579394
571607
215
573217
570209
573091
579237
571449
574647
572976
572235
574953
578209
570147
572941
575329
579530
15
570223
573130
569713
572370
569956
575920
578885
571483
575978
569484
572190
569275
569997
571442
573108
574750
575836
575148
575354
579720
571475
576053
569677
574121
579712
570190
569404
573771
569914
569928
572213
576525
578562
570521
574057
577459
573154
572596
575970
579051
569071
575632
571498
569773
574880
579355
575996
572244
573793
577081
574669
575995
579910
574194
577484
570581
574136
578919
574302
571988
573185
573977
574424
576819
578505
570000
572054
569012
573433
573850
574805
576193
573986
571278
573810
574191
575514
579493
573913
570750
571171
572504
577349
574565
575857
577255
579565
579588
578769
576523
579066
577253
578701
575981
576982
579620
577345
570140
569266
570498
575827
570468
579790
569543
575520
579610
579257
577519
571618
572450
575013
576275
573572
576377
576460
577102
570904
576452
573483
579853
571281
572960
572408
574794
569466
573574
579639
573027
573112
578604
570233
573117
574517
576014
573362
571089
572878
576895
572170
578678
570696
573568
504296
574273
576027
576244
572983
576701
573390
578057
578662
576639
575892
569251
575812
577841
572780
571582
571003
572615
576019
569004
574586
574062
575581
579800
570418
573025
579750
571408
572646
569817
578867
569537
572979
572859
576232
571430
570665
573330
571636
576601
569376
577069
569599
573599
570835
577780
573656
574675
577848
570340
573241
575413
571046
573353
579452
573525
575302
573279
579483
570654
571629
572510
574267
570476
575223
570268
569129
569343
570656
570668
571384
575904
569653
574064
570572
574645
574257
574539
570191
569007
573757
573236
575510
573366
576506
574092
571328
575041
570567
574712
576997
572407
577703
573283
573821
578469
576745
576281
574095
572854
575242
572826
572149
570467
571338
577005
570091
574172
579272
569174
574714
569281
575842
575735
578111
577443
570359
578549
569074
575635
575317
571731
576824
573447
570682
577389
579619
574048
576551
569834
571117
578818
574403
579115
577399
575149
575212
578943
569091
569067
571059
571038
574072
575652
575628
576880
578349
577935
574133
574590
579230
571317
576351
576498
570678
569816
572152
569239
573369
573694
575376
570221
576974
189
569456
571964
569867
575405
578169
578441
574487
574270
578583
578331
570723
571551
569468
572377
575431
576846
577534
569162
575262
577575
579784
572427
571410
570252
569942
575877
576349
802898
579615
577128
574885
569912
573477
569224
573638
572774
572025
573618
574531
573780
573948
573339
575468
569957
575146
576744
578545
578275
573739
577574
572467
571389
577972
571107
572222
573882
571929
574143
578824
574545
570442
572331
574760
576567
571665
323
570685
572468
569792
575233
575507
576317
578613
578837
576914
574854
577071
574354
575314
579876
578687
579633
571352
578228
574883
576022
572897
577034
573254
578625
453
579815
571527
577350
569561
576475
574726
569789
569961
573585
572240
572007
574648
577762
579677
570979
578364
573490
573716
579621
578560
570954
569485
575238
572886
577477
574555
572065
570383
575467
578985
577725
574670
576598
579149
574810
570379
573036
575660
577507
578020
577117
578535
570419
576276
572003
572521
569062
573207
575623
573732
574575
571332
575230
575501
569462
571766
281
576132
575197
578567
578335
579397
569371
333
575932
569814
575767
579647
579847
569924
573492
577122
577416
569279
570831
579679
571393
572139
571921
579046
572374
105
576180
577603
206
573789
572037
571859
574951
572658
576072
576255
577834
577047
579203
576599
571825
573102
578873
579001
579044
578815
570424
571113
571409
575401
576855
573167
574165
569623
579591
89
570171
569077
575638
578557
802937
572092
571992
574914
573495
573247
573314
572378
574936
576391
578772
579303
572040
570511
572871
573721
236
577056
573340
576557
576936
570215
577297
575007
573679
576738
573165
577245
575568
577947
569567
571090
576401
577722
577335
576513
579895
577189
574775
575586
579642
571394
570394
571974
572480
579646
574306
571298
577888
571074
577565
575226
573200
570065
572772
571780
575487
579017
575424
572113
577002
577012
573225
570550
578171
574696
572361
576148
572362
579448
570806
573473
573552
574682
570259
579582
579391
574667
575548
579461
573970
573761
569530
569611
574271
575786
569763
576832
576006
577035
573120
574129
578584
577520
569891
571786
577458
571596
577421
577115
571977
572676
570451
572713
576301
574850
576468
571356
578497
578149
578086
575241
575516
579845
575538
576117
576187
571432
578328
577226
579542
572261
569108
570499
578462
578338
576363
578611
577836
579484
574128
571861
575406
569882
572613
571768
573030
572808
572870
572896
569215
569991
569347
575908
571574
575352
578166
575064
571632
572314
575982
576217
577471
579644
575956
572594
577086
577238
579335
573932
570033
572433
572769
568995
575760
577700
574390
577686
570816
569304
574870
575512
569529
574607
569463
579147
579709
573305
573291
35
569125
571548
571962
570182
576563
579855
573485
578879
573251
576646
569808
579458
576040
572234
616
570356
579568
573659
571216
570389
575800
579814
574345
577243
573563
573641
575006
570577
575139
578922
569478
574731
578007
575046
574659
570666
568958
574606
576632
569189
579075
579821
569099
569702
577651
575894
577357
570231
571348
579445
571395
572199
576071
572269
570106
571570
576565
575775
569950
571437
576842
576080
570207
572057
575642
572952
569068
575629
577112
569477
576704
573866
570958
578534
570261
570081
575600
579436
23
579174
570075
571467
573432
570735
578887
576856
569223
578147
569070
575631
578152
577936
579597
573680
575228
575183
577156
578723
572621
572752
576677
579497
572783
577111
577652
570972
573452
574189
573570
573520
576334
579501
572279
572640
571429
573947
579698
577219
574770
577889
577194
576595
507001
569540
572013
577608
569555
575318
571240
572665
574554
574686
575062
569746
577846
578279
578110
569256
574146
572811
574199
574834
575817
577080
569016
575910
578540
579313
578811
574512
575974
572841
573276
573478
575016
578091
573000
577734
575390
573145
574789
81
570675
573836
569508
574968
506101
576011
579583
579073
568965
577014
570733
571465
572785
576484
579442
579885
578847
579097
569230
577595
221
578440
572655
571241
569132
569704
569728
572038
573909
572701
573729
574814
569876
575532
572932
576697
578623
576178
569785
573689
573884
140
571567
573512
572617
574280
570771
802896
578803
576532
570805
572485
573280
572716
571372
576515
579459
569762
574369
579770
575484
577229
571836
573230
576324
569438
574022
575655
569983
569309
578071
579715
571652
572899
576381
570576
572436
577428
573825
575612
574861
570165
575353
577029
574785
578304
574799
569903
574478
577038
578103
571803
570811
574961
578299
573166
571376
576736
570694
570962
573985
569386
575947
576887
569046
575607
578779
569423
576204
578698
576692
577451
571418
574570
572298
572176
570269
573668
572008
570891
574903
574922
575546
575986
574239
577221
577969
578789
573698
569661
574966
571870
573817
575950
576057
570188
570971
573703
576998
572205
570367
571801
575067
576548
572850
570543
573158
573389
507125
571078
574328
577692
579429
576979
571411
570619
573886
572682
578707
576109
576913
571959
573264
569772
578242
571403
577879
570730
573911
574530
575887
570566
571445
568967
575418
571677
575184
578217
577323
572650
571725
571654
572484
577138
569781
574113
578499
572339
569858
572819
569825
578170
578541
579786
577439
576077
577500
570016
573060
578199
576501
569393
570981
575954
572123
576339
579575
576542
570400
574033
577155
578934
569582
576336
578556
570796
572116
577027
576798
571014
576195
579359
579362
128
573426
569531
574499
573513
574564
573388
579117
574415
571386
578092
574405
579248
572664
572591
576957
579426
577779
575169
577104
578446
573731
577456
578981
577546
573099
576464
569424
575940
573245
579208
574399
571137
570480
572552
573467
569615
573475
573733
577440
577561
577582
574660
578477
572975
579630
154
577353
575483
573829
14
570892
571447
104
571536
576382
570463
570951
569507
570222
578028
579339
172
570640
569435
571710
573511
575503
578224
578999
573213
578671
570690
573474
577340
574263
578390
579505
575452
573553
570218
571081
572793
569577
577583
575229
579399
572409
569175
575810
575736
578522
569434
572209
577197
573319
579077
571109
576205
576606
570129
578090
578099
576296
577758
569352
575913
578102
569316
573142
573899
575051
569528
570711
578850
577754
573941
576353
575421
569236
572671
579527
572528
577442
578738
573748
575000
574089
570653
573400
575145
572194
572875
576388
576589
163
569449
571626
575763
579178
569212
573203
579163
578615
576843
569591
577683
573198
576110
571660
571340
577494
575410
571458
575522
578496
570583
570537
572525
575791
573666
572303
573725
577475
572958
572064
573717
577232
579460
573872
579299
576524
578398
578312
572762
573644
576781
574428
575288
577499
579304
570610
579124
570875
572356
576000
571106
571148
575779
570017
572445
570464
575976
570753
574869
573619
579842
573983
578116
576502
577738
574044
575987
568979
578907
569353
573891
575247
568950
571365
574967
575914
576699
576930
570769
570417
577049
578460
579499
578940
579697
570208
572411
569688
576088
574721
576403
578513
570930
575437
577819
577305
578550
572930
571605
577372
573032
571093
574741
576402
570414
579172
569639
576945
578547
569381
575942
576408
571293
576648
576270
573212
574764
577224
578593
575589
577979
575472
572993
571390
575356
571337
576801
579491
570778
573055
578330
572216
570189
574847
569114
574595
574066
577743
578067
578069
579123
573235
574999
573734
579578
569972
578960
570731
573812
571026
574678
576654
578285
577845
578697
569172
573399
569182
574965
575770
575733
572412
573648
575741
575743
573855
573609
576750
570006
578293
578594
572547
575201
579833
577164
349
579026
572017
574110
570036
572884
444
575058
132
578603
573438
572778
572575
575565
575644
571569
573051
571303
570715
574603
569475
574041
569196
573586
575757
576799
573693
576282
571157
569564
569120
572382
572033
571097
576192
577004
579701
577863
572197
572971
573087
577135
569926
578444
575880
576564
575266
569261
575822
574122
569905
574383
569658
572067
578089
571700
569116
577530
573350
579631
575305
578597
573912
574489
577495
579007
570246
578309
575470
575243
574286
577884
572232
63
578852
572048
571225
577602
575377
576294
569610
579012
574544
575349
577487
578025
571510
577572
573906
573358
572822
577842
802925
570066
571777
575563
575776
576972
572776
576729
570454
570167
577133
571701
86
569711
576230
578363
579082
573494
577062
576430
57
578579
569925
577513
573290
573401
578281
579199
569703
574505
577327
576543
570494
573076
570427
576597
573893
570727
571031
572219
577143
507161
569299
571888
579901
572508
579186
570847
573220
575359
578577
579626
578288
578624
571792
570679
572179
569922
579457
575294
571793
577926
577824
577430
570699
574566
578622
574000
576560
570144
571770
569609
579169
577568
574584
574689
572218
570867
573787
572914
570714
571006
569061
575622
575008
573017
575032
573215
573673
578439
573334
575634
579023
573168
573189
577461
211
576732
576149
576970
579737
578003
571892
122
578842
579627
574386
802932
579613
579856
572803
570428
579433
574673
576208
572090
573782
571254
573420
578635
569301
573544
573921
573096
579635
579710
574900
577965
570940
570520
576107
571193
574944
579774
575605
576229
572333
570670
574821
570989
576098
572145
571098
578510
577795
575531
573736
575680
569124
569897
574049
576698
577757
571547
569226
571942
579470
579830
572764
569176
575737
570304
576102
576032
577113
576365
573275
572894
574410
575336
571970
571121
575235
571439
572305
572443
573670
572172
569871
577975
573600
570110
569339
578946
575391
579538
572938
569761
576458
569425
579206
573104
570120
573646
569330
569086
574535
574693
575647
576105
577587
576607
575403
578315
570022
569341
573998
573486
576063
572574
577827
574283
574636
570247
573292
570554
574243
576087
578475
572867
569128
575240
569833
573231
577676
579263
579130
574598
572768
577249
570176
575250
578679
573664
579897
572551
576121
575035
570219
577376
576740
571514
571489
573526
579485
575830
571261
572242
574481
574868
578533
569418
578669
578920
99
576963
570894
574685
573743
577100
577898
569198
571553
573341
572645
571451
575759
578596
573823
573252
573313
570815
574402
571594
573322
574182
575486
578705
579534
577702
578552
574745
569726
576136
570928
573556
574676
571285
577383
579022
577382
573049
572835
574258
575740
573737
574641
576114
576708
579467
569900
572923
341
574104
575656
578365
574087
569240
575801
573506
575983
574928
573968
569519
572685
569828
572217
573685
577151
573898
577868
572679
572553
570126
577808
576813
575332
568952
576674
578230
575245
578282
578105
570631
578470
578982
575275
577437
570069
576977
572563
577211
575388
570883
569098
575659
579392
569290
574920
575851
575990
576158
576079
572388
573853
578121
577721
572224
217
570559
575381
576129
578337
572836
570947
575063
573883
569269
575541
577937
573636
571343
575299
576899
577893
569717
573487
577899
572757
579425
573121
571405
569845
576844
575550
577657
577962
573143
579684
579244
579155
576721
578203
572856
575464
575319
576095
572695
579548
576965
575177
575278
575326
569929
571290
571642
579765
569874
572463
576292
577659
579601
570777
22
573594
575686
572545
578443
573923
571717
579746
569705
571675
577030
574600
578210
802916
802924
571300
578948
575846
569992
579726
575494
579008
569592
576522
571310
573268
573329
577448
573770
577705
574816
575498
570405
576672
573103
574502
524101
575518
576643
569362
570828
575923
576928
573849
569253
575814
576871
569673
572164
573183
571173
167
574127
577214
570854
571751
578632
578608
577311
579780
573413
571852
570307
571388
570800
573192
573407
577248
575298
575156
576570
578249
569974
578409
578974
572853
579024
571980
579758
573258
571028
569894
574060
577953
577578
570950
576103
570607
569387
572629
570824
575948
569187
574214
575748
576431
572499
576340
577157
577193
571424
571657
578498
578430
579181
570026
579839
571627
578518
573118
569958
576891
576106
576152
578226
579111
61
577776
569096
575657
578575
571813
578436
578554
569366
571617
575927
577670
579904
579606
579869
569388
575949
571135
579523
576792
574601
575140
571366
576840
570002
576250
577719
569919
569250
575811
579068
575524
572134
568960
575327
571996
569754
576379
576201
574688
579328
576021
573012
578914
577220
579791
571231
578185
577491
578174
578484
576312
573397
574363
577369
576033
570338
576519
578719
575033
569005
576859
574525
572002
569155
575716
574837
569692
576931
579513
577098
49
572593
571981
578346
569014
572001
574197
575961
574700
572332
576580
569294
569632
571101
571264
572920
568992
573415
577886
578833
574260
572026
50
573195
575544
577212
570453
572472
576059
569791
575017
475
572622
577553
577457
579806
572452
576384
577594
576508
570372
569538
572284
576142
579623
572498
569747
571277
574697
576252
578236
575279
578586
569293
571255
575289
575854
570095
574065
578146
578868
578822
572569
572598
495
575193
572287
573465
576310
578227
579114
577218
570649
574506
574364
569186
575747
578633
579347
571517
579879
572667
574377
569288
575849
571722
576696
569082
575555
575643
571621
573321
573874
573409
575182
572636
578266
572438
571544
573352
574833
576356
576571
573498
578283
577772
579529
575876
572623
569069
579611
571561
570663
578519
570639
571486
569102
573652
574339
575772
578649
571694
574736
577837
571635
573295
569185
570462
571884
570238
575746
576265
579132
569706
575670
579799
578664
575166
576733
572337
572632
579052
572599
570011
573199
575577
575150
571191
578219
578165
569214
572540
571549
572271
578928
576989
569546
573297
578851
569810
575674
569932
577655
569151
575712
577380
569930
575991
574841
575499
569562
575328
571398
577018
574157
573807
576443
574916
572144
570636
575036
573024
578650
579880
572515
570560
579732
524102
574597
578598
573658
575213
570646
576375
569050
575611
576939
575968
578017
570025
576510
572300
572955
573764
570212
569019
570842
572619
577623
569940
577820
571634
575471
572315
570037
576478
576664
571946
579122
574112
578819
573127
572276
569994
575998
579000
579637
578630
173
569340
575901
577524
571478
577509
579141
573179
574657
573946
579736
573969
569699
569222
569745
571045
572266
571823
569161
573920
575722
578978
577752
575400
579260
576065
579060
570373
577207
569267
575828
579862
577137
578589
568982
572195
576352
573847
579768
45
573800
579541
570931
571674
574244
579696
572159
577744
569949
576083
569783
570701
572733
572857
573296
574117
577506
572698
579771
570047
579625
569581
573456
574624
578676
572827
573323
572384
574013
10
577166
571729
579707
573894
577759
572084
571538
571963
573479
569368
572068
570598
570316
574059
575929
576990
574633
579533
573706
359
578394
572009
573538
577247
571307
575511
576035
578629
577689
570765
579521
577244
572881
579196
572260
577235
571598
577386
571653
571512
575559
577225
578806
572712
574541
575004
572631
579711
572966
572022
573126
577132
571820
353
574653
568963
572495
569662
29
574521
577695
573454
575408
573752
576313
576894
577192
570094
570900
160
570748
576796
576507
569056
569078
569159
575639
575617
576493
576544
575002
573775
573028
569469
573147
578478
573901
575393
579100
574353
574375
576236
576013
574611
574865
570226
575444
573897
571850
576912
569664
569759
574358
222
569948
571414
570929
802899
574899
576649
574582
570353
577446
578832
573813
570013
571601
574368
576814
579344
575202
488
573994
573996
574397
576342
577405
802931
569601
572379
577521
579564
571875
571453
569344
573010
575905
569603
571239
575219
578715
576667
575762
574098
574422
570927
575971
576718
578754
579645
577213
569337
579808
574268
578274
576622
571037
573633
569471
571443
571011
575879
575697
570903
574921
574950
579738
570884
569088
575649
576805
569397
571480
575958
570024
569379
570768
570346
573083
571318
576415
577074
579469
573178
573075
572687
569268
573972
575829
577584
578725
579215
570925
572944
579798
570837
572500
572252
576743
572988
574534
575164
576220
576552
572169
574796
570911
576631
572087
573122
575561
573488
575019
569648
570014
575256
571362
573975
572167
574620
578019
569806
573720
577601
578216
573177
579819
569859
573719
575323
573625
578264
572766
579041
123
571213
574862
573816
576791
574001
577812
572326
572338
571830
574018
570650
571720
572336
571159
569683
579760
574665
569147
575708
577058
572821
574873
573592
577880
577169
572582
573469
576030
573603
579138
576406
570448
570019
571668
571132
571214
577453
577435
572933
573860
570539
572663
575316
575792
569837
490
577317
571588
578347
569748
579596
579722
569649
576554
579003
575529
576994
572466
572737
573084
571421
579716
577517
572951
573919
578642
114
571758
569842
570032
578241
569156
571945
575717
572694
576234
573548
571631
575691
579551
574021
571578
572478
573889
573843
573086
574084
570178
576924
578253
572723
573976
574807
571331
68
579095
573160
569486
572125
577531
569910
576862
577941
576471
572185
578530
568953
571679
573408
574276
577478
571016
574432
575200
577215
118
577308
571301
571253
576800
577793
575960
573286
569183
575744
575889
578300
577241
572045
577946
577061
570350
572542
569729
573541
579330
574919
578829
569640
579444
571630
579074
578503
575355
570497
571404
576702
575993
571773
576273
576616
578634
578651
569167
575728
577316
575671
572071
577704
579579
571176
570995
575552
570851
572203
291
569130
570479
566
571360
577009
576817
572970
574376
569685
573682
569488
575504
571211
577742
578631
579844
576600
574058
576658
571094
571809
576010
577667
569646
574020
574867
572638
576788
579326
571199
570523
577114
578213
573180
576712
578619
572662
576380
573859
574871
579054
569660
572905
569065
572910
575626
579550
569622
569944
576717
576183
572589
573926
574102
575583
577673
139
572165
573575
577306
576210
575865
577541
570500
575020
576016
576847
574486
573502
569405
577533
577797
573916
576734
570321
571998
575154
579070
572201
575684
572419
577124
577682
572180
573880
578232
571867
570456
576492
577687
150
573328
576512
572157
226
578781
576537
572387
573773
573861
574522
577529
578673
569200
577412
578927
216
571686
578442
569793
573524
574163
570103
572654
570408
577310
575497
577606
573093
569422
579604
571036
575888
578647
576933
570073
574795
577324
578724
572868
570818
574179
575026
575911
577390
575380
573161
578311
569625
579212
579563
569696
570395
579840
574889
574322
572366
574656
570166
572321
572306
570472
571704
579515
571745
575704
576262
571209
569276
575837
569534
572697
572614
571658
576084
571525
574081
576125
575301
574409
569472
572010
575343
572091
578964
573466
578212
569732
577210
578202
571244
573422
574766
571556
576164
569839
572371
576400
579129
577615
574773
575554
571976
578471
573827
573106
577511
572289
572389
573373
572855
571993
576226
578684
579571
575040
569560
571283
574494
573856
569166
575206
571071
575727
572365
574012
570562
577663
576591
571431
578890
570772
578298
572600
576927
286
570488
577621
570255
579192
578418
575003
576811
574186
578988
576964
578428
577840
577995
571800
572704
572390
570901
572977
569687
572088
572151
575798
574941
578231
569085
575646
579345
569310
573242
578343
574485
574266
573211
576228
578403
572319
572743
578936
571726
577072
575043
576007
571683
573267
577853
578732
571482
569774
572657
573293
570403
576155
576450
575557
579805
575360
579693
571279
575221
571326
573418
570158
573445
577082
570618
577021
573749
571664
573741
574394
579439
575825
570128
570960
572403
572818
573634
571546
575261
576044
570848
569911
572652
577923
573955
573259
573826
577726
570393
570196
574482
577096
576725
576662
571707
577600
570582
574631
570431
571448
576130
579309
574338
573929
569158
575719
574357
578396
576092
802928
577485
578321
579277
569844
579140
576239
577881
573355
576806
578902
575579
570466
569589
576224
578426
575596
579554
571967
573661
569737
576448
570713
572258
576584
577677
577732
576036
577829
575438
570762
576170
578652
577945
579906
571333
576861
571096
578804
569229
572023
577290
579341
579502
578846
572435
571624
569753
570593
575142
572150
571271
574305
573476
570381
575761
571060
574312
579478
573144
573197
575428
574371
572486
577436
570415
572119
573973
576042
577354
575234
576287
577505
571175
575508
572666
577785
571511
572359
570821
573615
574261
203
569635
577550
577360
569836
569163
570078
570846
574881
576922
577741
573848
579894
576050
574710
576636
579435
571878
576233
575526
577851
569736
573417
572903
572559
573040
579812
575210
574038
579595
573777
576028
569210
573393
572294
578425
579574
569955
569899
572076
574198
577168
572075
570858
572919
571840
573331
293
576082
572367
578205
578659
570832
579559
576582
571960
570859
573596
568996
574829
577303
579220
578070
577791
575010
574526
574902
143
569080
571263
575641
570872
575569
575597
572189
578323
579498
574340
575214
579810
571557
572511
572245
578416
572184
577320
573930
574804
577681
573434
572444
575967
573347
575422
572309
576350
573343
568956
579866
575899
576398
569977
572982
570054
570534
578026
569334
575789
571613
573939
572299
570703
569990
183
573980
576657
577450
576504
576143
93
578451
572749
569532
578997
571228
571954
572243
573904
571573
570996
575873
577669
578097
569969
573835
576527
576476
570776
570135
575591
571656
571709
574170
572062
572439
2164
575071
576190
579612
569491
60
578963
577204
572251
577579
579674
573852
575785
574330
569249
577586
574384
90
569458
574884
579247
571504
572004
572056
572188
575980
574255
579900
572829
572556
574650
574797
578369
578823
573271
579761
570836
571876
576685
577414
569709
577551
577258
572634
319
577585
569415
573892
571580
576516
573755
576112
575891
572719
571235
574599
575965
569384
570210
575945
268
573602
579500
569060
575621
577532
573518
569010
577573
572070
576329
573123
569442
577570
574639
572516
569654
573052
573711
576213
578464
577720
571595
569002
571699
576988
574680
575434
572334
569257
575818
575407
573491
574372
47
576446
572948
573611
573605
569868
577857
575985
576676
579168
569451
571706
575037
576469
569895
573107
577146
577336
573244
577333
577788
577949
577006
571697
576422
570267
572133
569607
573715
570923
571806
573461
569734
576055
578726
576191
576251
576818
573811
570450
569048
575609
569247
576157
572771
569031
574333
574361
578844
572147
570589
575379
575397
576419
579297
578243
115
568957
576094
576337
573072
574713
576370
570235
579829
575039
570250
578536
573423
573842
579811
578316
579042
574141
570978
579584
579476
569398
2
574156
575959
579586
571257
575337
569563
577162
578956
571832
573833
573590
571266
576555
570510
576499
574658
577492
579171
574023
570423
570807
571005
571896
577948
415
573551
576434
569315
569076
573013
575637
571179
576371
572410
574227
572680
574416
577140
577810
579524
573863
577993
570125
577150
572223
579314
573419
575689
573742
576219
576257
576956
572954
574911
577025
578757
574137
575257
579887
569907
571359
578005
572453
574954
577770
571391
576054
576288
578714
577609
578612
574727
570164
570740
569133
569989
570977
572225
572974
573540
576987
577605
579440
569595
579724
578617
569869
578319
570193
575473
576212
575225
576387
574298
569835
575730
572651
569311
575858
576940
572437
575232
578897
576423
571920
570118
571667
572460
579021
569954
570844
575788
577794
802915
572325
573705
574725
571435
441
574320
574588
576910
152
577925
572720
579453
507003
569584
579721
573378
569421
570328
574956
571061
571715
570578
570956
577894
569150
576029
575711
570746
569857
571024
575695
578857
576794
579127
577408
570522
576194
575056
570743
577332
569305
573346
574958
500
575364
576254
571608
292
576487
572428
576938
569407
572683
573153
577768
574964
577697
576354
578060
579636
573763
578672
577830
572354
570804
570483
569461
569870
273
571893
573700
574654
577474
80
570184
569552
574690
569184
575745
576358
578115
579071
575690
578483
569326
571168
577348
578656
575535
324
579552
570757
573927
573804
576128
573532
569602
573925
576459
572281
570717
576848
572686
570803
570508
569920
573708
578488
571528
574723
578357
574945
569284
575845
576119
576086
577180
573312
571843
573208
577432
574781
579638
576917
575979
570021
578256
570029
576432
571857
571807
577240
577231
578694
577236
579543
570638
574738
576376
577065
577339
577766
569126
575479
570590
571961
578239
574563
578096
573687
576355
577619
576748